14
77
-2
-68
-68
-70
-36
66
49
-28
32
-93
0
61
77
84
52
57
20
-29
-46
-66
-52
-11
66
-100
81
28
25
62
-10
14
-3
-92
95
-75
53
-90
70
28
54
-82
-35
-3
-45
90
68
6
21
6
-98
7
-40
48
49
-40
95
28
80
45
24
15
-6
-97
60
13
29
65
33
41
-80
-28
84
19
67
61
-53
88
-58
-73
79
77
44
-4
-51
25
-54
18
7
26
-100
-65
-27
91
19
58
-13
-24
-11
99
-32
-10
59
0
-13
-81
-37
-47
-11
-54
-42
13
63
-81
50
35
14
-66
-39
-46
-6
80
-91
-29
-23
80
-9
22
72
-98
27
42
-54
47
-24
-5
88
-31
-57
-17
95
-17
-78
-2
-99
92
0
78
38
80
-47
-75
-73
-89
98
-98
-50
13
-7
-74
77
4
21
-7
51
-86
-85
-8
14
55
-78
-65
72
-63
-25
3
16
73
-8
-59
-99
-37
-59
61
-16
-43
-79
-56
-8
-64
37
62
88
28
-90
-88
-51
-86
49
1
86
-43
70
50
-85
-41
16
99
-80
69
-19
-74
73
-72
70
52
32
-36
61
-18
-3
-87
93
89
59
37
67
15
-80
-8
-94
2
-94
7
-4
60
20
22
71
-64
29
-11
-33
-12
20
-81
31
-39
23
17
52
-31
58
16
60
49
43
-3
-95
4
25
-96
-52
-60
-6
21
-47
-59
-32
-89
-75
-75
49
81
-16
-43
7
-91
75
23
11
97
68
-77
58
-44
-11
-74
5
9
87
46
-80
33
-5
-59
-64
-48
45
-42
-53
39
97
48
-26
86
-81
-63
86
86
-26
43
-52
-83
-70
-57
74
45
81
99
-19
92
-81
-31
56
-23
-7
81
39
79
8
32
-72
35
53
66
99
87
-95
92
98
62
58
-15
72
-94
99
-15
-28
24
69
-98
-91
-21
-44
76
75
-51
45
20
80
-16
28
-44
80
-52
4
99
6
80
-97
55
90
61
-2
-12
-88
11
88
76
25
45
34
43
27
-89
-14
-61
14
-7
-8
-22
-56
-28
-67
-2
-42
36
-99
30
-24
-35
-67
-59
99
-77
7
-39
-95
99
42
-86
89
88
1
-7
59
76
45
-8
-95
-43
20
-53
4
68
0
87
-73
-10
44
-80
-16
-13
60
-87
-51
-80
48
-19
-33
-40
-43
67
8
-61
-61
-1
23
-49
17
-47
-24
-79
58
90
-72
22
-61
24
-74
-89
70
1
100
84
-29
19
62
-68
18
93
-87
87
77
-38
38
19
-36
68
38
-52
25
-4
48
-31
-19
-66
87
96
-86
76
-96
-82
-32
66
74
-74
30
-30
57
58
-36
-95
51
-89
77
-86
14
-44
-75
-20
-96
-3
39
-37
-65
14
10
-20
-77
69
-68
-18
-1
-41
60
81
-29
-98
13
-57
-58
18
75
8
-9
-27
86
90
-31
-2
32
96
-73
-59
64
-31
35
-12
99
87
-1
44
37
-56
-63
-18
24
-17
-69
-81
-40
-13
-77
-45
82
-57
22
-72
73
-69
-73
17
18
-80
-95
-51
-37
-3
-45
40
-44
98
-52
42
-77
51
43
-22
70
71
3
-2
-56
28
-4
29
62
43
-65
-41
54
-59
-78
98
-19
-53
-84
98
30
-94
90
-63
31
19
-88
-4
-74
31
36
-64
-34
16
-77
84
96
40
-50
9
38
-15
20
-37
79
-92
-49
-55
-54
34
-46
-7
16
6
30
62
-88
13
-78
-32
17
-94
24
72
6
62
-89
35
-31
90
-23
93
-23
35
53
-44
60
75
36
94
87
3
93
-42
98
91
-54
22
-61
32
-96
-73
28
-45
-85
21
44
11
100
35
-21
92
50
93
-19
12
-100
74
-68
-41
-26
74
-70
43
-99
34
-86
20
25
38
-5
-22
71
-23
21
-71
8
37
68
47
-96
-15
-21
39
-62
50
-99
-89
-67
-31
87
-61
-40
53
-70
-73
38
-30
-69
-83
30
-44
94
-66
-58
-75
-91
50
-5
-10
11
-82
33
97
65
-1
14
8
-62
99
4
16
-44
81
-17
15
99
-27
70
56
76
-17
-70
35
15
-47
-81
-99
43
-1
-38
-26
-44
-68
90
-92
-28
-99
33
37
24
-87
76
-95
20
94
30
-40
-17
90
41
79
-93
78
76
-46
59
43
-93
-34
27
-60
-8
98
-80
-22
-23
81
90
-66
-46
28
49
42
-16
45
-12
-25
73
-95
83
-59
-98
-45
31
-64
15
8
83
-4
90
80
92
92
-42
84
67
-95
79
-17
39
-18
-83
94
39
-31
79
-34
37
-14
90
84
26
-35
86
-84
92
-37
-95
-81
89
-34
-39
-72
-71
-51
-77
84
-88
-59
90
-91
94
-37
72
-47
-41
-79
-13
-86
-37
49
35
-40
-1
-28
-74
-79
-14
21
70
28
20
73
-95
-72
72
84
-43
62
-91
72
-17
73
-26
98
-49
-48
-71
-85
45
58
21
-35
78
4
-72
-76
57
40
53
57
51
77
-46
7
-9
2
87
-86
-93
8
51
55
40
4
35
49
74
58
5
-80
63
81
-92
5
-35
-92
81
-17
-12
52
69
79
-31
49
-67
29
-15
-7
-7
-48
30
-85
84
19
16
-55
77
-33
-24
58
-9
85
-36
-10
-37
94
40
-13
69
42
-60
81
59
-44
-59
-70
-80
-27
-46
59
52
-41
-42
15
85
61
-19
74
-49
58
-33
-57
27
-78
-44
-96
-38
41
45
-24
55
-5
19
-56
96
43
89
-63
38
37
56
95
-38
-24
-62
-63
87
49
80
74
-58
4
-43
-62
3
-88
-60
66
-65
-85
-85
16
-70
88
22
-11
87
-54
-90
95
-53
-14
-63
88
76
-92
-5
-52
57
13
-24
-53
-18
-48
49
83
-46
-91
-84
33
-50
64
-22
84
-57
-61
50
86
-7
-44
-89
58
52
-51
-59
-38
-15
-67
-46
-69
-80
-42
-4
17
61
-74
-60
33
60
-68
-29
90
-77
90
-51
-40
81
-70
86
8
5
21
-18
83
99
41
-94
-37
-78
92
29
-27
-73
50
-16
-65
-13
3
-76
72
35
-28
91
34
13
70
-52
56
73
26
18
66
-28
-35
14
63
-16
-76
-34
38
-29
-100
38
-9
89
38
68
54
27
-59
90
85
-51
-19
-49
-30
13
-37
80
-4
-1
-59
23
84
-23
74
89
-96
-64
52
-66
65
52
-63
-15
-76
-55
23
70
58
97
-31
-94
-5
7
87
-70
-50
-26
-28
54
23
71
-18
-35
-11
-45
-97
76
-75
-53
27
-55
41
-72
57
63
-77
-11
91
-96
-54
-61
-26
53
-74
-38
-14
86
-84
-19
-8
-48
-3
59
-1
9
48
81
83
55
70
-68
30
-2
81
12
-26
73
-39
60
78
-12
39
-38
-81
-13
37
-93
-58
-21
-52
-30
-32
77
4
65
23
18
42
-31
-87
82
-98
-39
11
10
9
-41
80
-2
24
-71
8
23
-35
-6
31
-18
98
83
-12
65
32
-86
-73
-94
-58
-63
66
-61
56
84
-48
19
-3
40
81
-31
-14
69
27
13
-78
-82
64
6
88
-75
14
82
93
71
-79
85
77
36
-40
-84
-70
77
82
22
-85
-75
33
-90
-46
-66
-65
-24
76
78
-53
-99
94
-98
-8
31
76
81
36
-64
32
0
-85
86
-86
-7
24
-18
-100
19
19
-2
-50
53
62
-1
-5
-69
19
19
66
-24
25
21
-32
82
-83
80
-71
36
-73
-11
-63
-62
-91
4
98
97
-51
-34
16
38
-28
-96
7
50
8
-66
-50
80
-42
-27
63
-12
-64
-57
27
15
-67
34
-50
-1
-4
70
67
-93
5
55
79
-100
34
-73
50
-32
25
63
68
-43
-92
-66
74
-36
-55
20
94
-11
2
17
-52
-7
95
69
-21
37
19
14
71
56
87
-26
59
-4
45
-87
-7
-29
18
-98
10
60
74
35
42
-88
-56
24
-95
-100
22
-8
31
66
35
52
-42
43
31
37
38
86
-6
-32
-67
21
12
-27
60
-35
-43
-70
54
74
79
50
-53
6
74
-51
-42
71
72
10
7
6
-60
-59
-44
-28
-48
-41
72
54
-61
-52
-79
57
41
-48
85
4
37
-48
-83
-28
-31
-5
-100
50
43
46
40
-84
90
12
5
-44
-12
-12
-40
4
-42
-11
92
-67
-92
-84
-24
32
-94
74
-86
92
-7
75
52
-33
64
76
30
17
-85
74
40
77
74
-73
-12
-25
-100
-54
80
-16
98
-70
31
72
55
-25
-56
-90
48
-28
17
-37
-47
95
21
-88
-60
88
84
5
-79
68
-15
47
-92
76
-58
87
-10
54
-66
-16
87
-18
53
-65
92
-94
13
-82
-29
64
77
-82
0
90
-89
-92
54
39
30
64
75
-26
13
-39
-68
-24
57
46
-81
51
70
-78
-81
-64
-66
-53
-90
-1
80
-100
61
-37
9
-25
-9
57
-81
95
-78
-96
55
-16
-64
14
-17
1
-35
-57
-54
-38
-64
-37
-56
-29
38
-30
64
75
-30
30
-45
-36
-36
82
-68
-85
-56
60
-36
62
-64
66
-38
-91
59
-87
67
-16
77
80
53
74
44
-81
-64
-70
-23
72
64
23
96
71
-20
51
-11
22
-7
63
63
76
96
43
-40
-93
-23
-92
-51
100
-42
-18
24
84
19
-18
25
-74
-48
63
-78
11
-35
47
82
87
8
-52
-72
-22
-52
76
-95
-29
69
-91
-88
-4
-64
15
86
80
75
-97
30
52
-75
11
23
100
9
56
-61
-51
17
-63
89
-60
7
91
32
-61
-13
-46
4
92
-48
-20
-12
90
-93
-11
-85
56
-57
-97
-23
65
56
44
-43
52
39
51
-44
52
88
41
57
-20
74
-42
28
93
-96
58
53
100
-46
15
58
-47
-30
-55
57
-69
22
-25
27
7
-77
-96
-96
67
-98
38
-24
70
72
30
82
52
15
61
95
10
-83
79
-74
-62
-19
17
52
-72
15
-59
93
99
72
-33
-2
-49
58
-46
-80
-55
-35
37
59
-49
73
-64
34
100
-37
-31
-94
60
69
49
52
44
70
44
-30
-34
-35
-31
-18
44
-17
-42
-13
-29
2
-95
27
-23
-71
-79
-53
42
24
-65
-50
-44
-42
92
-22
17
14
-44
50
-50
-28
-18
88
-4
-43
-23
42
-48
-30
83
-42
-87
-71
7
15
-69
1
9
42
69
58
-64
40
-53
-27
75
-84
33
22
-82
83
86
-42
-27
-56
-38
-57
43
-29
96
-48
-93
-57
50
11
65
47
86
-87
57
17
-40
-48
-5
85
99
93
12
-16
58
-4
16
-99
-35
20
-10
-63
-20
98
8
25
45
-26
57
43
17
58
16
39
5
-87
70
15
44
81
-84
22
-77
-82
43
-82
44
41
49
15
5
65
67
-44
-29
15
36
35
63
-2
-14
22
67
95
-61
100
-45
-30
91
54
38
49
45
-39
29
-27
-47
-80
-79
85
-16
-98
-87
-80
64
-56
56
-98
49
-3
99
-91
-5
-79
29
-43
66
94
85
-27
6
6
48
71
71
1
-79
-99
-32
63
34
91
-85
13
93
-67
-100
-86
-69
-12
-92
79
8
-95
40
50
-67
-98
-24
46
50
-78
-41
23
-25
-4
24
-23
-4
60
-45
84
-93
16
89
-32
34
-35
-77
-54
100
-73
18
16
-68
-95
-92
-20
11
16
-28
-39
-19
-55
-80
-82
-79
77
89
-85
-56
-68
31
-3
56
49
90
-43
-68
3
-65
-7
56
-21
-76
-83
-89
-46
38
-38
75
-13
-74
20
-74
88
-88
-11
-19
-15
-25
5
-53
-93
-52
78
-4
2
55
-70
66
-54
-17
80
95
33
-76
48
71
4
-94
96
-66
-63
31
-48
4
-99
-2
-21
29
26
-47
-3
87
-91
-94
76
42
97
51
14
12
17
-45
91
90
-5
50
52
42
-72
35
-28
1
2
36
74
45
77
94
-84
-50
-96
36
29
-71
-30
-44
8
89
-24
-93
-99
37
-43
-28
-12
-79
-12
81
-56
-62
-76
-8
45
65
-72
41
55
-37
9
-55
94
17
-41
-35
-12
-57
42
-18
-46
39
-96
-23
55
-86
25
18
0
55
-44
-56
-100
-25
-99
-16
21
-69
88
67
-49
-27
18
-54
69
96
-64
40
-63
91
-1
-79
78
-24
-39
-30
-96
93
-4
-97
14
-45
55
-94
66
57
100
74
97
-26
75
-97
-30
-28
-65
-55
78
46
13
99
-86
20
38
-56
-14
-17
46
-63
53
-74
-34
96
1
80
66
-27
-35
-16
64
-54
-70
-22
-99
66
-100
-41
-77
23
16
-78
-27
-69
-83
84
58
71
-16
-57
79
74
64
57
-51
-98
-5
80
-13
-90
75
52
68
-42
44
-81
-13
24
91
33
50
-97
51
-34
27
53
-85
-87
-100
-31
25
-78
-5
-82
81
32
79
62
93
-5
40
5
55
44
95
81
31
-32
-15
-17
70
-23
-90
-42
18
25
1
-55
45
46
-97
-58
-67
-17
-48
-53
3
74
11
-17
68
66
58
-95
-73
43
51
-50
-47
76
-40
98
-84
67
21
10
25
-68
-62
16
15
-85
-66
-58
13
-6
-72
-15
-91
-83
-82
91
-38
-73
96
-3
82
23
-32
42
-55
5
-3
68
-100
77
5
-95
44
-83
99
23
-90
39
-16
-41
29
-1
-86
6
35
-24
84
65
82
3
20
6
80
53
-11
62
4
-94
-4
-67
41
77
16
-42
-81
2
-22
69
-42
32
-52
41
16
40
-81
-80
3
-32
-83
37
1
-88
-67
11
54
98
-32
-17
5
-83
83
74
-57
23
-80
-93
-43
3
68
0
-11
1
61
64
78
-32
-17
-12
-10
100
-50
-25
-29
67
-60
32
99
4
-97
3
79
-19
-5
24
-35
-25
-95
-56
-53
-72
87
10
-20
-47
50
-44
-20
6
-58
2
-52
70
26
87
-100
76
-24
20
78
-65
80
-30
37
20
90
54
44
83
74
-97
-72
-18
-19
21
78
-14
-18
84
-28
-10
80
-91
-15
78
-93
25
-28
-65
-21
89
37
-75
-72
-25
-50
-38
-53
-24
82
-21
56
63
22
-42
-95
-81
5
82
40
64
-40
-70
76
-1
3
11
82
-100
46
49
-70
83
-32
-84
-18
-43
-29
-77
-31
-47
-49
2
-13
-52
12
59
35
-82
51
-67
-85
-51
-77
52
39
-96
45
49
-50
43
35
-10
2
-7
53
-64
96
88
-100
15
-31
89
86
-10
-69
-87
-40
56
-33
-10
72
-82
30
47
-92
-45
93
-4
-57
75
36
48
-71
-47
8
-37
30
-86
50
-1
31
-52
-25
31
-93
56
77
-23
-18
-63
-87
35
92
-97
-87
98
30
49
-20
-2
87
49
-26
-57
-6
-90
-33
62
11
62
-61
-52
-96
13
43
-30
-20
21
-91
-15
78
73
-91
-93
-90
54
20
90
76
-73
63
-37
38
43
-80
5
-53
29
-76
-78
74
96
-29
54
-53
-92
48
36
57
-8
56
37
-98
31
6
4
94
32
-78
57
94
-23
-76
-92
-69
15
-37
-51
-10
72
-61
-96
66
23
83
66
38
-80
81
-95
57
-16
55
74
-10
-36
72
66
-34
-9
-83
75
12
-17
-35
-18
69
9
91
-63
-19
-1
88
-75
5
-63
-74
-17
-58
-75
50
11
52
85
-49
79
-67
30
-7
-30
29
-23
12
63
22
-79
3
72
-91
-28
19
-24
62
-43
75
35
81
36
64
47
85
0
77
-90
-94
87
-70
79
7
-24
88
-51
-42
-71
-67
-13
-21
-40
73
24
94
-48
-16
-85
26
93
19
36
39
10
-10
-57
-44
14
-82
-84
41
81
81
-58
-56
-52
70
-27
-7
81
-74
51
16
75
33
12
29
69
-70
48
-50
-61
47
67
4
35
-91
-4
-84
27
-71
81
38
45
15
-10
-45
73
95
-49
-65
-39
-37
-100
-76
11
-39
-37
94
-43
-58
-92
-31
37
-85
20
76
-8
-54
-13
2
95
-96
1
61
50
60
-24
-96
86
-80
-56
-38
-8
-74
45
-26
-70
-53
-51
24
-66
0
83
100
-91
4
-83
-90
43
-50
-75
-88
60
46
20
41
67
66
-94
-61
-94
-67
-48
18
92
25
9
-100
-28
-93
-22
-67
15
12
-11
6
72
-98
-63
-66
50
84
72
21
-24
-34
18
67
-50
2
24
68
50
-71
-76
21
62
-28
-19
-92
81
-36
17
-95
-91
6
-99
42
36
18
-3
-56
-28
22
-65
-45
72
-84
25
8
61
-42
20
-23
30
-65
-49
46
14
13
-15
62
-15
82
-48
-8
11
-67
-75
25
-86
-12
-42
-84
61
-28
64
29
-24
-50
13
99
45
-66
23
9
-54
-13
58
-44
-67
-87
90
-89
15
15
36
2
20
55
22
30
6
49
19
-27
57
49
42
18
-77
-59
-100
-55
41
59
22
-13
97
-55
28
-42
-74
-57
14
62
88
-44
53
-65
-76
-46
-11
10
1
79
-64
31
-5
97
-91
-41
-79
-1
-57
-88
88
-31
28
-7
-26
80
-23
49
-36
-95
-90
-6
-75
-87
-65
-68
8
-64
69
-10
-8
-39
2
-42
16
68
-51
-23
-13
32
-53
-59
-88
37
-85
-19
61
91
-25
-21
-77
-86
-17
48
32
-88
-46
-67
47
16
-51
60
58
-4
43
-5
-69
36
77
42
-80
-32
58
-55
-57
-68
-18
-21
38
94
25
84
-14
11
73
51
-93
-3
-60
25
-90
-65
-45
-29
77
-94
54
-49
70
3
61
13
-79
-25
-36
-4
96
60
-12
80
-23
17
79
54
15
-60
69
81
50
27
44
61
-37
-40
73
-43
-85
46
-58
7
36
74
-88
3
-9
11
-98
-56
-28
-67
-72
41
-55
17
35
-53
-38
-21
-97
91
-53
79
-26
88
59
58
-94
-90
40
-39
-11
-88
-61
88
90
0
-98
74
54
7
89
-7
42
89
2
60
-68
7
87
-81
-48
-94
89
65
-13
92
-46
-68
-71
-3
-96
41
-5
-17
-14
-5
84
67
51
-31
-61
-37
36
-9
11
-67
-3
-63
-49
22
-65
66
40
14
-55
95
69
50
89
-11
43
51
-37
78
-80
-96
61
60
38
-81
-3
-74
18
-35
-93
7
-32
-68
-14
51
21
-27
-55
55
25
-20
-12
-97
-35
97
9
-25
-5
-32
52
93
65
-72
-48
70
-59
-38
-88
-5
-91
-60
96
31
80
-74
7
41
14
-5
53
34
15
26
82
60
-50
-65
-58
-71
-20
-72
20
-81
69
84
-57
-59
20
53
-34
37
-40
-21
67
-27
-40
23
89
-63
-63
-8
83
61
-38
54
90
-76
53
42
15
30
34
-37
89
17
-87
-43
8
92
-57
-77
-98
-61
69
-73
6
68
70
-11
64
11
-46
41
-38
-69
58
26
58
99
42
57
47
-36
41
-12
91
55
-65
-89
15
68
39
-28
76
2
75
29
-24
64
-85
75
-43
-58
-38
-9
-96
-59
-54
-22
36
-7
28
-1
-51
-58
-77
-27
45
-78
8
71
-76
-71
52
69
30
-50
-36
70
-65
21
38
-15
-17
40
13
53
14
-86
-98
18
60
42
66
50
-62
93
42
-36
-40
-65
-54
-57
-2
65
-3
-49
98
-78
71
21
-61
-69
26
-100
-46
15
95
9
97
-1
59
-87
-33
93
-36
-54
-90
60
21
85
44
24
-89
-16
-16
-27
-82
28
11
80
58
12
-63
-96
-85
75
68
15
-66
13
55
47
-15
-98
-18
15
59
21
58
6
-91
-98
-98
-70
12
37
-84
72
-92
-22
99
-2
-56
-46
-28
-40
-11
24
-72
-11
14
-19
71
40
90
-99
-73
93
39
-49
78
15
10
83
-76
34
92
-98
-53
98
-96
-65
71
75
86
-95
-21
39
-38
-73
-78
-83
-49
2
28
76
31
91
18
33
-63
0
-58
94
60
-56
94
-98
-61
-42
100
-90
83
-81
40
-75
-4
-87
-16
9
0
47
34
-3
-87
-65
-87
-25
-88
-91
63
-36
-74
-10
-70
-39
50
70
4
-42
-100
-59
93
87
68
15
-81
-9
-87
-8
-85
44
-89
-93
46
46
6
6
-11
64
79
74
55
31
-71
-91
19
58
10
-79
23
15
50
-41
-43
-85
-76
-36
-3
-89
30
-93
-15
50
-45
100
-75
85
79
9
30
5
-84
-25
1
-9
5
-79
65
-62
15
27
-78
-85
16
100
-4
19
-40
-10
-29
-33
79
19
-92
44
17
84
49
-28
-68
-91
84
-38
55
65
92
28
-33
-35
28
82
-13
-18
66
-81
-47
5
21
-81
-65
-15
-73
49
-53
30
89
-47
43
-12
-36
-17
-97
38
-87
32
-21
58
98
-58
-48
-68
-39
86
77
51
8
-85
-12
94
-70
75
49
96
-52
60
43
30
19
43
16
11
29
-1
74
95
-40
31
-1
-45
8
-50
68
93
3
67
-98
-36
96
-9
-32
-47
-89
56
-69
-45
-98
-64
-57
71
-100
86
-37
27
-9
-73
73
-50
-32
72
81
16
-8
92
-58
86
4
57
-95
-74
84
70
89
-68
61
-57
80
56
63
21
-44
-22
8
-34
-42
-36
-4
98
68
46
-35
19
37
-41
9
22
-38
-87
84
3
-18
9
99
86
99
-45
-47
-54
17
-44
93
78
-72
-66
-65
-89
-89
38
-25
60
-21
-12
87
25
-86
-8
23
17
55
-48
81
-15
66
-54
79
-8
81
-82
66
-6
-80
100
38
97
63
-95
-59
40
-13
-93
54
-28
53
-49
-52
-13
7
-23
-19
-30
84
-55
-98
-15
-57
-50
-46
-33
67
82
-31
-69
0
-32
-44
70
-99
15
-2
3
-14
-74
-41
16
-97
79
69
99
55
42
31
-12
60
6
-27
-85
34
-99
33
-8
30
70
-79
-85
-82
-50
87
30
-79
-43
-31
-30
-55
-96
2
-8
71
90
55
91
37
2
-90
13
-56
16
-5
4
3
-65
33
93
83
85
82
32
-17
72
68
18
-45
1
7
30
-32
-83
-100
-69
40
63
13
0
-21
-74
-40
-16
39
19
-25
-3
-25
78
67
89
92
88
-100
83
-60
38
-74
83
-20
-17
-42
-15
-18
-80
-49
58
51
48
-67
-11
-42
-49
97
82
-19
40
0
-44
93
7
23
31
60
22
-86
-13
-20
31
85
-87
-99
-98
-32
-45
-33
-78
58
43
78
64
-88
-68
83
86
51
83
-37
64
65
69
-40
72
7
-15
-61
-13
-32
-15
-63
97
-30
2
-11
-71
70
-9
-58
20
-98
-46
40
-94
-64
27
-91
16
-68
-5
-90
41
47
34
18
97
-94
40
16
57
-8
29
96
-63
-13
61
39
9
-4
53
-27
-42
-21
88
5
-72
78
0
39
82
46
50
-93
-94
-71
74
-42
-34
-5
97
-71
73
3
-8
-28
-56
-61
29
-3
43
-37
22
-34
-33
-37
-39
-27
57
-95
75
-82
100
-99
86
-30
-54
-22
-70
-94
49
-50
83
61
44
-71
77
-61
-40
34
62
-39
-86
96
91
80
-63
-73
-92
-93
-21
96
7
31
-40
-14
-38
60
22
-43
57
42
-41
46
-63
-69
-45
-19
-3
-3
-88
53
-79
-37
71
-3
-17
-95
31
-70
78
97
-27
-6
79
-83
14
1
-34
79
-33
-76
34
-20
3
-58
21
9
-53
58
-22
13
-13
-11
6
-22
-78
-25
-64
83
74
46
35
-21
62
65
72
-56
82
21
0
84
-16
30
-43
-21
-60
98
-84
-100
-60
-30
-30
74
33
22
-74
-65
52
34
-98
97
-29
-85
-21
-66
43
50
96
-61
52
-80
-27
65
35
-81
46
-46
0
-40
20
-29
21
-2
47
-73
-14
-75
-94
91
18
57
-46
77
86
-4
-90
-96
95
-9
-13
-39
93
-20
31
-39
59
-64
28
47
94
-21
-53
-90
43
-55
-4
-42
31
67
-4
59
-56
34
88
-11
58
-81
56
-61
-44
20
84
-81
24
57
-69
54
-36
-98
-45
48
-15
-14
-61
-36
28
75
-76
-8
34
3
52
-6
-90
42
18
52
-10
-68
63
72
-71
-39
63
-40
-55
12
36
-33
26
-42
5
4
-88
13
45
-83
-32
-25
59
-97
-71
98
-29
-8
-15
54
-31
-74
55
50
-3
45
89
-53
-100
85
24
96
-50
75
83
-89
60
-15
-12
92
-60
-96
23
-90
-59
15
-85
-100
49
93
-11
-57
90
-84
98
-94
-58
-29
84
-14
-98
-73
98
-43
87
79
-50
86
-70
-78
-10
39
-82
-9
-75
41
37
77
65
-57
10
85
-77
62
56
-43
31
-92
-7
88
-69
-18
98
-27
69
33
71
49
6
77
-53
-16
-42
65
85
2
-30
23
-73
99
-95
-29
-2
88
-48
69
45
52
28
69
76
-8
3
-49
19
-56
-97
-45
-42
-29
2
-1
-51
-23
11
-20
-23
92
26
10
-90
-76
54
-89
-36
-16
12
-87
-31
24
-59
-3
-74
7
62
-19
-67
16
46
-42
14
4
55
37
-91
-35
-69
-21
-61
-30
-73
46
9
52
-15
90
91
-16
0
35
49
-43
93
85
-98
19
21
64
13
-3
7
56
-77
21
59
88
-91
39
-31
60
-61
83
79
63
-41
13
37
19
-24
46
-11
-30
32
-29
66
-79
-19
45
-33
83
-40
-57
-34
60
-3
66
56
-69
-49
-58
49
14
-37
23
51
89
18
-16
26
21
31
73
22
-52
-27
33
-92
99
-40
50
-36
20
-9
-44
-35
-8
-42
-98
85
39
-53
72
-48
22
10
-69
-14
58
-33
-10
32
-11
97
-82
-99
92
55
-54
-47
-11
53
-64
32
-63
41
-11
-71
41
-47
64
-69
-17
-48
50
-53
55
-86
78
2
-14
92
-100
5
31
21
-33
17
22
-20
-38
-7
-27
90
-35
-30
10
-42
19
34
5
-62
-1
-40
35
-86
-52
-44
87
-92
95
-34
-19
13
23
-30
35
74
-50
-96
41
-39
-10
83
2
-76
-78
-61
96
-79
85
-61
79
-100
-79
100
-58
-87
91
-25
77
60
-56
-64
55
54
-88
11
87
-45
-40
79
-37
-63
-48
-45
52
21
-46
75
-53
22
57
-36
44
37
-21
49
-41
-54
36
63
-21
44
-60
-80
-95
77
-32
79
69
-36
2
34
77
-32
49
9
67
79
-58
72
6
72
65
-99
78
-35
65
80
33
-74
-5
-35
-47
-36
-64
-89
-80
43
26
7
55
37
55
12
-16
19
95
-82
-4
-4
-90
6
16
-12
60
6
-52
-72
15
28
1
91
13
72
-59
-71
-68
64
-4
43
-28
88
-82
-85
21
44
-39
-7
-32
7
-16
-94
29
-81
10
31
55
11
20
-24
18
96
-2
-12
-18
59
76
78
68
99
-93
81
-55
80
-94
-36
-49
-94
-9
94
-23
90
-40
-48
15
6
-82
-38
-94
-84
57
-11
-4
64
45
89
44
66
90
-30
30
-100
-69
86
-93
20
85
-27
51
-29
-51
57
94
36
57
97
-75
58
-38
70
99
-18
6
56
16
70
68
-18
-29
100
-87
-24
51
-56
34
-98
79
8
-98
-60
57
-39
2
-77
-93
-11
-4
-73
-35
7
55
-49
-24
-60
15
88
91
30
82
-18
-7
36
59
91
-97
42
83
94
-79
12
-1
91
48
-25
9
73
67
-41
97
36
74
-27
3
-67
-77
4
22
27
-28
23
-18
-89
-20
25
47
-79
-95
9
27
-57
-62
65
15
63
65
75
-75
-16
68
32
64
51
-54
40
-82
58
-44
41
-38
8
-29
99
-13
-79
37
78
-18
95
-87
-2
-78
47
76
81
-25
-86
69
94
-2
68
39
-53
0
12
8
53
-9
82
-44
-8
-42
11
-78
77
-23
68
-71
78
-41
61
-61
-45
-95
-76
-76
33
-95
-75
-19
37
-30
42
-41
-71
9
-29
42
38
-88
90
27
67
-62
19
22
-58
-50
-61
46
-21
84
96
-72
-21
21
20
-79
-39
24
-8
55
75
76
-51
50
65
-22
6
-35
-21
69
74
-65
-59
15
43
-9
51
-15
40
38
-6
32
73
-32
-56
-1
88
-52
-21
-61
37
-99
-48
47
-39
-25
-97
-9
16
48
38
-63
-49
77
-34
92
99
-88
-73
58
-8
-11
25
91
-97
100
91
62
2
-74
77
66
-16
67
-30
-94
-52
43
71
-72
-89
91
-64
83
-40
95
-44
74
37
3
68
43
-70
30
19
-61
-90
-97
28
-73
-45
18
99
-5
-11
35
10
-35
-91
14
67
63
26
47
-28
-20
52
80
-3
58
-84
23
-68
95
-90
-66
11
38
33
-99
-64
6
62
38
-42
-81
30
47
-80
41
-32
72
39
63
-85
15
8
-14
-98
-42
41
-70
24
87
-47
82
-83
-82
92
62
36
-34
-29
12
-39
44
52
27
88
79
-92
39
-38
65
28
-19
-58
34
77
-51
94
-82
-87
-24
52
30
-76
-49
47
49
26
54
97
100
38
-64
-6
-78
32
97
-22
52
-29
-50
41
74
-71
78
-100
83
-24
22
-53
-33
96
80
-75
63
24
-53
-88
34
48
78
18
57
27
74
34
22
28
-98
-73
35
48
74
85
23
-90
-5
-5
93
86
41
88
-22
-41
-99
-23
-91
-24
7
44
11
59
-34
11
-53
-6
18
74
-68
31
17
-16
33
72
-4
79
94
7
-21
53
-69
-69
-58
63
52
-69
-91
-32
61
100
-38
96
-15
33
-36
-91
2
-39
47
10
72
99
-3
15
2
-78
-11
-57
94
-74
64
-79
14
28
-49
-65
-58
97
-38
69
-64
59
-51
35
-16
3
-95
-22
11
-78
-71
80
-78
-30
1
98
41
69
28
-98
79
41
80
67
100
50
-10
92
46
35
-88
76
-95
-93
-27
-38
97
82
8
79
-92
30
-61
15
-4
48
-26
-58
-17
-69
-15
-95
-40
-4
42
-33
86
44
77
42
-6
-24
4
-2
84
47
-39
75
41
47
99
-87
-35
21
42
91
54
-8
58
63
23
-94
14
27
75
95
-29
-74
24
21
-85
0
76
24
83
71
-75
63
-89
-89
-9
-56
-13
-13
-9
-10
84
84
-97
-57
-7
12
81
-37
-25
44
19
-76
81
63
-98
-37
-88
-86
13
-51
-29
-60
35
-96
-67
-98
-46
80
74
35
-40
6
23
97
-16
-88
-91
-62
36
33
13
71
23
-67
-36
-83
44
22
-30
42
-24
-9
-91
80
-54
94
13
30
-16
49
-26
0
-32
-96
-97
-58
1
-27
-69
23
98
23
-30
-73
-31
33
31
45
-62
-80
66
-41
-16
66
-92
-27
-43
-88
48
-38
-14
96
67
49
65
88
58
-33
74
69
-27
65
25
-4
-13
-46
-26
17
68
25
1
-53
98
-31
88
-53
-17
-74
93
19
15
-89
100
-56
-49
-27
44
-69
-82
28
-7
9
-51
74
-75
0
90
20
6
-62
57
51
-1
-46
33
83
-12
83
-51
68
-65
36
-12
-3
-90
-18
4
-28
46
-25
10
97
-29
84
-33
92
49
43
-4
98
69
-81
-24
-62
31
-30
-52
40
29
-9
0
-62
-6
-43
-56
59
51
67
0
71
-60
-75
-52
68
87
31
-80
-29
-22
98
-72
89
18
-47
6
-77
-38
-5
4
90
2
50
-60
-100
-64
-56
-55
52
-1
-75
-90
-90
-40
70
56
-47
43
81
-100
-22
52
-87
-3
15
-47
100
-98
47
-26
-16
68
10
-58
-76
-49
-62
-26
-69
-49
55
64
-41
99
-46
68
51
-76
91
-3
-82
-2
6
-53
7
10
9
6
97
31
-8
17
73
83
88
-78
-75
18
47
51
18
5
66
17
22
-81
77
-24
87
63
-78
-59
95
98
-37
87
63
56
-75
-31
-73
-53
36
-30
-39
-96
-67
60
50
-79
48
59
66
55
-4
61
55
-75
-17
-61
-34
63
30
-75
43
63
-22
38
-70
-65
-58
65
77
-10
96
55
-74
73
78
-80
-47
35
-21
40
-81
-54
83
40
62
60
-8
-44
36
11
89
27
55
-31
2
-97
32
-67
-51
-34
68
-86
97
52
2
10
-28
-91
-27
-87
97
-28
-21
4
78
52
-96
65
30
-27
25
93
-88
-24
91
77
-6
-50
-42
24
-37
-11
-90
43
-24
68
-10
57
-25
77
96
-77
79
-12
23
62
51
37
-73
64
59
68
23
-26
31
-47
-20
41
-56
-39
68
86
-94
88
80
-97
-95
-38
73
34
-26
-76
-7
10
9
-56
-6
32
-6
-35
-58
-13
48
75
92
32
79
-33
29
-97
51
84
89
81
34
73
-82
29
65
-63
-6
50
-28
-17
-2
-70
6
69
4
-72
10
71
20
-49
-8
-32
57
-77
23
77
4
-84
-61
4
-83
73
-89
-18
38
-68
61
-57
73
-84
-100
37
-84
11
6
-97
-69
69
-69
21
-90
78
99
66
-80
3
-52
-3
-54
-86
46
-55
23
14
29
-94
-90
-86
-98
60
-22
-65
-9
-84
17
-8
-51
-45
31
40
-96
-82
21
61
5
23
49
-74
55
65
-44
-78
31
85
30
-39
-17
-13
95
92
40
-76
-26
-89
6
85
46
-2
13
72
-88
-52
-10
-66
47
15
-48
55
-21
35
63
73
11
-29
-22
-68
-52
40
-89
-10
8
-50
-76
-83
72
-79
20
57
7
-44
-22
30
-29
-21
-23
54
-75
21
9
-97
8
-37
6
63
-44
79
-21
-52
-52
-98
42
-53
-72
-10
39
-48
68
-39
40
-7
-23
-26
55
-30
-38
15
-40
-74
93
-25
59
58
19
42
44
-92
-91
50
-49
-57
-30
73
-50
-82
18
91
73
-98
-92
-97
-22
93
-90
-40
64
-33
1
34
-31
36
26
-46
16
-42
42
-98
56
-65
43
91
24
59
-81
-34
-92
15
100
-63
-59
-33
-67
-78
73
-1
24
20
57
37
-7
-99
-58
-86
88
43
-11
-14
97
59
29
-94
11
6
-38
-14
82
-93
-83
-15
63
-8
-27
-99
29
79
70
3
-7
51
90
-60
-6
-13
-73
-61
-98
-100
-64
63
-37
-80
78
36
-66
-18
-76
-40
94
-90
95
31
71
-69
-71
0
58
-62
46
36
-22
-64
43
-11
36
-62
-85
-75
-29
-7
5
56
-18
-3
42
-23
3
12
-94
-47
-26
73
79
-13
-49
5
-24
-100
58
-55
-3
71
0
-36
20
27
-83
-80
-3
-60
54
-23
-17
-23
74
90
67
25
66
76
-81
-100
-90
-6
23
-59
8
78
-100
-10
28
52
26
-71
-48
13
-61
54
11
-31
-14
81
-11
-96
69
-18
-77
88
21
-74
54
-66
-5
58
55
-35
0
21
7
-15
-91
-3
-66
100
-39
76
-12
-52
-62
6
49
23
16
100
74
20
73
-35
-12
-20
93
62
-39
-27
-31
35
-79
-26
5
-8
-20
-20
31
-15
-79
25
-39
20
-58
38
-30
-38
-65
-77
-62
-14
77
-37
39
-23
87
45
-7
59
45
-57
-88
-14
9
-99
-44
75
37
87
-88
-27
94
43
79
-94
-91
-60
13
-48
-51
-14
-70
-14
41
-40
12
-7
11
66
-56
-4
45
3
-87
12
-27
-80
75
-77
-53
-57
14
-83
-73
91
-91
-64
53
-96
58
-63
-69
34
75
-21
74
39
79
-48
-77
-94
89
-13
-44
98
71
-48
45
95
-91
46
-39
-33
21
-80
63
-24
-51
-58
12
-18
-77
36
98
-15
-18
83
-47
24
-84
-80
-47
-78
96
-9
50
-21
-89
-10
13
-15
-68
-18
-18
-25
37
21
-76
4
27
5
88
10
30
-94
22
46
-17
67
-75
-79
50
-78
-1
-20
-58
15
64
-29
-36
53
49
52
-70
-69
-10
-25
-22
20
86
-15
81
61
50
15
39
-57
61
-90
-84
-54
-100
-59
-1
-88
-70
23
-69
-98
6
16
2
9
85
34
11
-81
41
-24
-13
45
100
17
-28
71
-53
39
13
92
-69
-12
-45
-25
66
80
-88
1
-29
95
81
-51
-55
27
-4
83
18
-20
-11
23
45
-28
18
-31
88
82
79
52
82
87
37
41
-84
-49
-24
51
72
-61
-34
33
-58
-63
-74
90
33
-71
-55
34
-69
23
18
-30
-3
-50
46
19
-62
68
98
59
37
-17
22
24
79
-5
-9
-80
36
-100
-64
2
1
-21
-65
-96
76
35
60
-43
58
-4
-48
-77
-58
-98
73
-45
-89
-48
45
-7
55
-66
94
13
36
-10
-93
-35
-46
-51
35
49
100
-61
75
12
-37
45
-19
-100
5
17
-26
88
6
7
-94
90
27
12
61
3
56
-62
-9
-74
-19
-96
-25
25
80
61
78
43
-56
49
39
78
41
59
-38
61
-44
-93
-13
-84
-15
28
-17
70
79
7
-6
71
25
-5
81
28
84
9
-53
-36
-56
1
-90
12
11
5
45
18
-77
-29
69
-29
51
-26
3
-90
-55
-61
-44
88
40
-5
18
31
13
96
-59
-74
65
57
-97
-95
-66
-62
-2
-67
-41
25
20
-16
-91
68
-6
-90
10
27
-34
6
2
-97
91
89
38
-66
24
-34
-57
20
-27
-31
34
97
46
14
-72
28
16
-100
-7
7
22
-27
-55
25
52
93
-82
-42
-79
-14
-34
63
78
-43
-31
66
23
-16
4
-56
-2
51
56
81
78
89
43
16
65
-18
-95
-62
12
25
60
-76
-34
94
21
-39
54
83
-99
-25
25
-86
-91
-67
-61
56
60
47
49
9
-38
37
41
-15
97
49
58
-28
45
-85
86
32
-51
26
81
21
-51
-74
47
-36
-53
-19
62
-64
95
-25
33
-14
39
83
-14
27
-36
-91
80
-10
-54
66
-69
12
-61
-92
47
-85
-22
-1
-32
-82
85
28
-82
-59
-95
7
-72
-71
-64
-94
54
30
-69
13
79
27
34
-81
74
47
-64
1
47
-6
84
4
20
54
-32
95
5
-3
-10
-62
-5
-18
49
-6
-7
-43
4
-37
-100
81
12
-6
31
80
-83
-11
13
-68
79
-26
-29
-63
-71
-37
50
56
35
-40
2
-12
-11
27
-73
81
-81
52
37
25
51
54
-29
71
14
-30
-56
-5
-72
-75
-5
71
49
-91
97
18
-88
49
-97
-8
-67
40
-21
-17
-12
-43
85
86
-67
-96
61
69
-19
-15
-13
-13
-68
76
-50
-70
-59
47
61
-73
-13
-81
36
-37
25
15
56
-38
-96
-33
-28
0
46
80
-44
92
-37
58
86
-13
84
64
-5
55
48
51
6
-11
11
-55
-52
22
-90
-94
17
22
38
-83
-84
-93
62
-21
48
21
-8
41
-58
26
-38
18
-50
5
8
85
-53
-59
-100
17
79
12
-48
-79
-76
-95
-96
-21
90
5
90
93
-4
31
-27
98
72
-43
37
-16
-34
69
-46
87
-88
-97
-27
-61
-72
-33
100
100
-49
-10
-46
-42
-27
-24
-79
23
-75
65
80
-15
-62
-41
89
-66
-42
71
-55
-47
71
44
14
-57
47
6
-35
14
-65
84
-78
11
32
50
-30
-56
-7
81
-18
-70
0
85
82
-80
-98
-29
-84
-89
9
-39
63
66
27
7
-99
83
57
-34
-54
-19
81
92
-84
63
-49
68
-73
56
11
-98
-31
-15
28
-95
-63
-75
-47
-3
42
24
-36
-24
100
-51
-95
80
44
-15
45
3
44
15
7
38
95
-50
-57
69
-78
-43
-41
-28
50
61
-75
-92
61
-77
98
1
-91
73
-29
6
-74
-76
-95
5
-70
-88
-51
67
-50
-14
61
12
-54
-27
78
5
6
18
-95
69
45
24
42
10
22
-86
45
-11
48
57
11
92
-6
-1
-50
-15
-81
-64
-77
42
-77
46
-83
-60
25
24
31
-8
24
92
21
3
47
-59
-73
87
-19
18
25
18
33
-46
69
3
-81
74
77
59
49
-79
-62
-19
6
48
-34
6
-52
-19
-90
76
-37
-65
6
48
34
65
-25
-52
49
25
-12
-14
-67
-48
-44
70
82
-46
32
-94
7
-88
-22
62
-9
-56
-79
21
11
-74
26
51
-2
-12
70
94
24
51
-29
-58
-94
30
3
31
66
21
98
-48
34
-71
-97
58
-30
-35
53
12
52
-28
13
59
-29
-75
-83
52
67
-13
-49
-99
-72
-61
-59
-26
18
22
63
-58
24
-69
-59
56
-100
-19
68
84
-30
-83
-15
-100
-74
63
-16
15
64
48
-58
-36
69
-26
-100
63
-83
-25
-83
85
-5
84
74
-51
75
43
-43
-56
-25
-9
50
-3
-89
3
31
-59
-81
51
98
49
-28
-53
79
13
88
66
85
9
21
-21
-45
59
40
-11
58
-78
-48
-91
25
-87
-93
-66
79
60
-26
51
41
96
-88
49
-51
-44
77
80
-88
-33
-41
92
-2
25
-41
-11
-75
31
-94
2
-38
-17
54
81
45
-7
-69
79
99
-25
-7
83
-95
61
-49
85
35
-30
2
85
63
-63
100
-46
51
37
-96
14
-79
67
-72
93
47
85
45
-100
-53
-23
48
-18
-27
89
87
-80
-72
86
43
54
-22
-28
57
13
-36
-17
83
72
-32
8
98
73
62
-14
0
-93
94
34
66
-99
66
-4
9
96
-98
-17
26
-39
26
-44
-27
-31
-78
91
12
88
54
-98
70
-61
-6
-45
64
-33
64
-47
-15
5
10
75
-72
21
-39
-86
-43
-22
-22
-93
70
27
-65
5
91
-79
-76
95
-89
-58
9
33
-27
-45
93
-68
-25
-96
81
74
-72
24
14
-93
99
-23
10
-55
-5
58
36
-80
-71
98
16
-85
-82
-99
-29
0
57
-4
-80
73
76
5
-47
35
88
78
86
-13
29
-99
37
62
-72
91
19
61
-5
85
11
-39
-11
-26
48
-97
-52
-2
-50
62
32
61
87
51
40
70
-27
7
-77
66
55
98
58
76
-60
-82
29
74
-11
-41
-10
80
-28
-18
-90
41
23
-70
29
-12
83
-18
89
-57
36
-63
84
33
77
45
70
63
-3
-66
-38
56
-99
-100
78
25
-34
80
-2
-39
93
-3
13
71
-46
-93
-10
-62
-97
-94
-69
56
-89
57
10
62
-97
-34
-9
36
-58
-20
50
78
10
75
27
52
-5
22
-8
-39
74
57
89
41
78
88
32
19
72
20
-42
-15
80
72
-27
18
4
53
3
-43
-83
55
-7
44
83
-51
-98
43
-49
-80
-85
-25
-68
61
3
-78
42
63
-91
83
-55
-44
12
-79
-86
-21
-96
58
67
18
-90
-5
0
-69
50
-34
52
79
-18
84
-70
43
93
16
6
-54
82
64
-84
-22
-37
93
31
-11
16
51
21
-58
-97
36
85
31
-23
95
61
-87
38
-67
-35
59
24
57
31
26
0
-18
-46
99
-74
27
-2
-92
89
90
-71
44
-29
-53
17
44
45
94
-31
88
-71
17
-2
64
-70
-48
-6
-66
61
36
-6
28
94
60
-56
-58
3
-45
-16
90
-44
8
-25
77
-77
-15
-62
-70
-45
76
-44
48
-24
-98
-75
-26
97
100
29
-7
-20
89
-48
-44
-10
-62
79
-49
49
-11
9
83
8
96
13
100
10
-72
41
-20
51
-89
-5
-1
-16
88
-9
-7
48
-35
74
-39
-51
74
80
68
86
-3
-45
38
65
70
13
4
48
68
13
-34
28
-64
5
-85
99
30
-40
78
93
-95
-64
4
79
16
58
7
-9
47
-39
-45
-63
-86
-80
-36
-67
-83
-42
-83
53
-45
54
-35
42
-44
-86
8
45
-57
42
67
-86
82
-55
31
59
28
21
-46
15
66
-1
-34
72
48
11
-70
-13
65
33
23
-35
67
-62
34
-18
-65
91
71
3
71
-57
-15
-78
-67
3
60
0
54
-75
64
-12
-41
11
-19
-18
61
-1
-16
47
18
43
62
-96
14
-2
-36
59
17
66
61
53
-81
-98
-92
60
-21
-78
-2
-82
58
61
30
-49
-24
43
30
-57
-90
-31
17
-14
93
-3
-73
-51
99
70
-29
-60
-64
-21
75
43
97
56
-59
-53
-79
-66
-96
-34
91
22
9
0
-62
-52
85
-20
44
-72
-43
-49
-12
-60
50
-45
-80
-85
-68
-32
10
11
-46
-10
89
69
50
66
59
90
-5
90
89
-71
-11
-79
73
11
59
98
2
4
-11
-29
7
-71
5
-67
-33
5
-41
-49
-26
-57
100
84
87
-75
22
-38
92
44
11
-13
92
22
7
-49
-3
-75
13
71
20
39
-72
-83
38
42
-84
78
27
-50
5
-29
-72
-21
28
84
-30
-65
-96
63
-93
96
49
-67
35
54
-54
7
-80
5
-52
35
34
-11
40
-41
-33
-32
48
-51
-30
54
69
-28
-13
-51
20
-94
-75
-92
-14
60
-20
-54
-64
-27
-65
-96
-83
71
57
-12
15
-100
59
-65
36
-92
71
32
3
66
-30
-37
6
-28
56
98
97
46
12
-7
-3
-95
-8
-82
61
-95
-79
-34
100
-7
-7
27
-93
-52
14
82
72
65
23
-44
-58
-71
-98
20
97
59
26
84
18
-27
-1
47
-85
26
12
-49
-52
-77
-2
-42
99
87
-69
95
52
19
-92
-53
-67
-9
87
100
-50
3
-87
-91
77
-25
-16
-11
94
-91
-56
41
-50
-81
-100
10
56
-31
70
-100
-39
-51
50
-26
29
-66
50
-38
72
-90
-75
33
75
-86
62
11
-81
-48
25
-89
-31
62
-2
76
-30
-49
-80
68
2
-41
-58
-47
1
29
-63
82
-35
74
38
84
-37
-73
-4
-65
98
67
95
44
42
81
13
-25
45
-11
1
-30
80
-43
-90
-70
-58
-21
-95
-15
-55
52
-37
46
-81
-10
-37
-13
-63
5
-65
22
-58
29
49
33
-83
-83
29
-90
50
35
-99
48
26
29
-76
14
-26
85
-52
-16
-16
22
95
-89
-94
8
4
70
-35
-22
-5
-81
77
-58
66
-74
42
89
-71
81
70
-92
-74
-30
4
-52
-1
-46
-66
97
-47
52
-54
-14
94
-60
78
16
51
36
64
-40
7
76
-78
-89
-35
-8
-26
97
-19
57
-71
79
-4
100
47
-52
-34
0
13
7
90
20
-93
90
-82
25
-69
69
72
-84
92
-79
-4
-54
33
16
70
10
-95
-92
29
35
-2
-15
-57
-67
42
-62
49
28
-56
-25
36
31
-21
-73
-86
60
-88
0
-70
71
-53
-99
-8
20
-84
98
2
89
74
-46
-83
27
-9
52
72
83
-90
96
71
-65
-1
-61
-58
-56
-71
-30
23
-25
-8
6
-7
-50
-17
9
1
0
7
-28
63
54
-35
-66
98
59
-37
45
-3
63
24
71
40
28
-13
-16
71
-53
-45
-49
-16
-96
-87
44
-86
-44
-19
35
41
1
-100
22
55
35
99
34
-13
-14
-92
-74
14
-73
-15
-31
-39
33
83
-17
-31
-58
-95
84
-70
9
-65
61
39
-11
-14
18
-84
-39
-72
-7
84
-97
53
77
25
78
-23
14
-84
45
58
-22
44
-94
-19
-28
87
-58
71
37
-22
70
87
-52
10
71
66
80
14
49
-28
14
-65
37
34
-11
30
17
59
-15
2
92
-63
-52
76
9
-68
-43
-50
89
-5
-41
53
84
-83
-18
-35
-55
-59
4
-62
25
45
-32
89
-73
97
-60
14
-84
-19
-98
46
70
-32
7
49
-73
-71
-93
3
43
45
61
59
58
-68
2
-72
73
-14
48
66
-100
-87
-88
-75
-5
-47
-22
-16
95
-84
-11
-77
-94
-64
-64
-62
71
-91
-36
-41
-28
53
26
-92
40
-16
12
32
40
-1
-60
-21
81
90
71
-78
-27
-60
15
-52
-100
-12
38
13
37
74
-9
-70
59
-44
40
45
-24
76
2
95
73
55
0
83
-60
41
64
49
-4
21
48
35
-83
46
44
96
93
60
12
-30
23
54
-89
-16
-67
84
17
-33
67
32
7
-85
31
88
-91
-3
-9
6
84
41
-92
-96
-6
-70
2
-97
-86
20
54
-65
41
-47
-58
-1
78
64
-43
67
-67
-67
-24
77
-62
52
5
-45
50
-25
-64
31
-70
-89
74
76
55
-43
-87
-6
-50
-97
-20
-39
26
21
-16
65
-32
-67
5
15
17
47
-43
3
-63
-9
-97
80
-93
-76
21
99
6
25
-4
24
-80
-34
63
32
-61
-77
98
40
32
-90
72
60
-96
-63
-18
-19
52
95
-24
55
43
2
58
34
-63
28
25
46
-29
-80
-28
-30
68
92
-16
-22
-54
53
41
0
-97
60
30
30
-100
18
2
-33
-16
-27
-77
-90
-59
-52
15
-85
-41
-24
42
-69
-32
-63
-68
90
-70
-29
-78
46
96
52
61
33
39
8
20
72
13
-78
1
-89
-57
53
3
-91
2
-99
-66
-14
-34
-57
85
76
-2
20
20
97
-80
-65
38
82
-21
82
43
56
16
-19
-93
-77
-9
-26
-64
-98
19
15
-57
19
47
-92
6
44
-89
7
80
43
-62
86
3
42
10
0
24
-21
75
93
71
-58
-24
92
83
-33
43
99
-23
-31
73
26
-13
58
-14
21
32
21
-74
-64
73
29
-74
67
65
-64
-52
89
84
83
-91
31
61
99
33
-39
53
18
36
22
-82
83
-71
-52
99
87
-20
86
35
9
-96
-15
43
77
-17
72
1
-84
44
-2
-67
-27
90
40
-55
86
65
94
54
-47
-72
51
-33
-36
-1
-64
-37
5
75
-68
51
36
-80
-87
70
87
-23
16
36
76
-19
45
20
71
89
50
74
5
-72
91
18
81
-74
100
-44
76
35
46
-24
-36
-27
-4
-57
74
-7
-32
-42
-15
60
2
9
53
14
14
-100
53
43
-12
11
100
33
49
20
-44
-85
58
-64
20
-20
13
58
-43
49
98
-8
33
-61
88
31
-47
55
-77
-28
17
-42
3
60
26
-34
-27
-50
-44
-32
-47
46
-20
48
26
-29
-51
-64
83
47
16
-54
60
84
-22
-82
-90
-62
8
44
73
8
89
6
-5
85
-47
-70
-78
93
-95
95
91
-15
-3
-56
96
-50
-55
-23
-20
-93
19
-15
87
-50
-90
82
-31
34
14
-19
-62
11
-63
-87
66
-98
29
90
-61
69
22
-68
36
70
91
93
-62
-30
56
-58
-73
-97
97
-63
-8
-89
-19
-68
82
4
88
94
-4
97
-33
5
-12
-59
-97
61
-61
-81
-69
-22
59
37
-7
55
44
-37
58
47
53
35
3
56
-37
-78
78
-53
-32
43
-23
76
-77
-7
-73
-23
23
-43
67
-77
4
-97
-15
86
-77
-56
77
57
67
64
67
66
-39
18
-41
63
7
-35
32
-23
42
74
75
81
-26
57
-80
93
-59
26
41
36
25
-93
100
97
89
-32
-39
-13
78
42
-38
-51
-43
79
18
-56
97
18
29
28
-2
-72
25
-59
22
55
-19
-16
-18
-69
11
16
97
29
-82
7
-94
9
-86
17
-66
70
-55
13
47
-28
70
-41
22
-99
-17
97
43
-31
-90
-38
-87
-24
93
56
-98
-12
-3
-47
84
-8
37
-21
16
76
33
-20
86
-55
-23
-58
-81
-33
61
29
-46
35
-35
-73
65
59
59
-94
-100
26
-22
69
-61
31
58
16
62
-78
-3
-43
-41
-98
65
-22
-25
95
-45
-12
-36
47
-23
-53
59
68
-20
39
51
3
45
9
15
36
-85
-28
24
-3
-100
24
94
-12
71
45
-32
-51
14
-25
45
-59
-79
-18
59
-73
51
-19
97
67
-13
-70
83
-98
77
-22
-97
49
-84
71
-14
-43
83
82
43
-45
93
-83
-26
-22
-94
18
-79
-50
56
-87
-18
30
-54
65
26
-86
82
56
-75
-4
16
-16
-14
-66
-61
31
-52
94
-11
-54
-48
21
31
16
-8
79
32
16
27
-12
98
-65
-2
95
-10
-14
-3
-85
99
46
57
27
-34
77
88
-37
82
-88
-72
-80
63
61
82
-1
-7
-46
-61
71
-93
-64
-7
-48
-83
-13
77
-7
-70
28
-49
-5
32
88
35
67
73
-46
24
49
-10
-80
27
49
-10
-78
54
-77
39
-92
19
70
-97
35
20
-53
-70
-43
65
99
-16
-82
20
87
6
-43
-95
98
-76
8
13
-98
58
33
57
23
90
-93
-86
34
-31
36
-69
-76
30
22
-78
-92
96
-80
-80
-82
-10
69
-58
-49
89
-16
23
32
-43
87
45
72
17
13
-92
-96
-64
55
88
10
-78
54
80
4
-50
80
97
-16
-78
-95
78
71
44
-46
33
-29
100
75
35
91
48
-99
-75
-95
-61
-28
-27
76
-57
76
-6
-68
-8
45
-56
-12
-43
59
-55
-65
64
-77
84
92
80
-78
17
-60
-3
92
67
14
-81
42
45
-11
48
-1
-61
24
-37
-51
49
-89
7
67
-84
79
-7
82
44
-42
100
-59
-34
42
74
-26
1
74
85
83
-46
66
-66
-41
-16
-90
-91
-42
-21
-21
-98
-78
53
71
-59
-58
65
0
48
-60
-17
45
-27
-94
45
96
54
2
96
3
11
57
16
24
98
-17
-74
86
36
70
-36
65
-98
-96
19
-44
-78
65
-39
-13
-46
90
-67
31
-32
-80
-55
-58
87
-42
-2
-14
-35
-10
74
-5
72
-95
42
-50
64
-78
65
-60
-44
94
-63
-80
0
2
68
5
-21
60
72
-53
99
73
-25
2
76
49
-5
98
84
22
39
-9
-56
-18
97
-50
3
95
-62
-22
88
-73
-1
-43
-13
78
-50
-78
46
46
-52
64
-61
6
-59
3
-19
-28
-22
23
44
81
