1000
-55
76
-61
-47
85
-43
-88
-85
44
88
28
9
-96
66
-78
-17
-14
91
-24
66
-22
93
85
-35
-97
-81
-64
65
55
-70
-78
55
-28
70
-33
32
56
-61
29
82
10
97
22
62
52
-17
-43
-54
49
64
-20
68
29
-61
99
-18
93
-90
-15
-79
52
77
-48
-12
41
60
16
-9
-52
-98
-35
-74
-11
-90
-13
-20
21
-91
-80
78
-78
3
69
35
96
-42
-65
-79
-59
61
-65
-61
-21
-19
26
26
-89
-75
22
-19
56
-67
16
74
49
-80
-56
70
83
0
74
-68
-87
-57
100
-38
-29
-68
-20
-6
-45
7
26
-51
100
17
-19
-9
35
48
-42
23
51
-76
42
-70
-69
7
-50
86
90
38
37
32
23
40
-37
99
26
83
-56
-13
-65
-94
-63
47
67
-29
0
97
-36
-59
47
5
22
-5
29
59
91
-1
-87
67
91
24
-38
50
-58
-49
6
-20
41
28
-99
50
-30
32
4
4
-69
58
11
-95
-64
33
-44
91
35
91
-82
3
59
16
-14
-81
-67
-26
-60
43
64
76
14
-4
-18
18
62
-95
42
-26
-8
53
-74
90
88
-43
82
75
-18
-91
-48
-41
-6
62
68
-78
-42
3
57
-80
27
42
60
-86
14
3
9
-81
-29
44
37
49
-81
98
97
-73
39
-37
33
-66
84
-44
38
-23
80
-90
49
86
68
-35
87
-82
-3
34
-93
100
81
-60
75
15
-67
-72
-80
85
42
-87
58
22
26
-7
-87
-12
57
-2
-60
-59
-61
-5
22
-5
-2
-87
56
49
-15
-27
81
-32
-75
6
-64
15
-12
-20
-30
30
66
-55
45
64
-54
92
-71
-49
-66
68
-94
61
94
-76
95
56
63
21
-21
-5
67
3
-64
-15
-84
73
-70
28
-89
1
-66
-49
-63
-94
69
-44
54
81
0
33
-2
73
-27
-35
-8
85
80
-2
46
-67
68
71
52
8
-69
-62
56
69
-5
2
47
-48
79
41
39
-33
-58
11
-76
-64
-76
-14
-19
-21
-23
-89
39
23
83
66
-56
-34
-64
3
-91
67
22
-83
-18
10
58
96
53
-32
-58
-4
15
-17
65
-25
-95
12
0
68
48
36
-55
-38
-26
57
87
27
22
-94
-24
-50
-55
5
43
-46
1
-33
47
90
-47
-50
-27
48
-67
70
35
3
66
26
12
55
9
-56
98
12
93
74
-13
-32
-21
5
-15
66
-1
29
-70
-19
37
88
78
-22
-97
-24
-94
-64
-80
17
45
75
26
70
51
45
-71
89
50
-44
17
-74
-30
87
-50
-21
-47
-55
69
-88
-76
53
76
-22
62
-24
8
79
-32
-80
-56
80
77
-23
-48
-3
90
59
-99
-90
10
-72
-76
43
-91
100
-64
15
62
-7
92
-3
-56
-50
-65
-72
-95
-80
-81
72
87
-12
4
-27
-87
-67
-49
33
9
22
82
-65
-26
70
-62
16
-28
53
-46
-20
86
29
-58
0
9
-42
88
84
-92
64
15
-69
74
36
-35
100
-76
-31
76
-23
-38
-2
43
-62
-54
-58
-78
9
25
-94
88
-3
-9
90
47
-11
31
-97
36
64
-40
72
43
2
41
75
-88
-81
84
-62
-78
-10
13
-45
29
-20
-88
-75
76
-50
24
-66
50
62
-54
48
-22
22
14
-92
-60
-43
-49
43
76
2
-2
49
-13
-47
-62
-85
22
7
-82
-15
-85
-21
59
19
-51
-56
19
-71
-2
33
-99
-21
40
-94
67
31
-6
-80
-42
81
-70
11
32
8
-18
12
46
-13
69
-77
-79
100
17
-77
-41
50
46
53
-44
13
-51
52
13
-23
90
36
-32
32
46
-23
53
-82
-15
91
-53
-63
-86
-46
-41
56
89
16
-34
26
95
83
-18
46
-6
-84
81
16
-52
-83
27
-40
-71
-36
18
7
-26
24
-91
-98
-63
52
24
-85
63
-76
19
56
43
-82
79
9
-34
-30
100
68
-25
-63
-84
88
88
-99
78
72
93
8
-9
-45
-92
25
-12
-8
49
92
41
-40
-63
-81
-49
-73
53
38
-5
22
69
-4
68
-11
-74
97
93
-93
-98
-57
95
58
78
62
-33
11
21
7
-56
-23
-93
-34
72
8
98
17
98
33
-28
-44
-70
-56
-90
25
30
-97
-99
-68
-69
56
-27
45
7
98
99
-10
-93
14
-65
71
21
66
66
4
84
100
-51
-41
-28
-40
11
13
5
-17
21
-15
-57
-81
-84
-47
47
46
-72
92
-71
-24
-54
20
82
-69
-98
-9
67
64
0
100
-65
4
-65
-43
90
-90
-95
-79
27
56
-14
82
-54
-22
-63
51
-59
-100
31
24
-16
-89
-77
-58
39
39
37
-1
-85
27
-62
-84
-11
11
-54
94
-35
-98
-51
-29
97
12
32
-5
-36
24
56
69
22
-29
-7
59
70
-66
99
-65
33
-57
75
8
-1
11
58
97
82
-75
-82
-89
96
-29
-29
1
12
8
28
56
-72
27
-86
22
-20
-77
-19
82
88
81
78
-73
6
-41
14
-14
-61
90
69
39
-36
71
28
34
-13
-17
-45
42
67
-82
84
78
-36
-30
-95
-95
7
-64
-25
35
-67
31
7
25
-3
-74
92
-17
-42
-41
36
-87
67
90
92
-57
-71
6
12
80
42
-54
-39
-62
-21
60
-41
65